Country	Continent	Geography	Country_size	Population	Pop_density	Urbanization	Ethnic dominance	Literacy	education_GDP	GDP	money_educ	GDP_percapita	educ_percap	perc_prot_land	protected_area	perc_PA_2019	delta_PA	total_mammals	total_birds	total_reptiles	total_amphibians	total_plants	threat_mammals07	threat_birds07	threat_reptiles07	threat_amphibians07	threat_plants07	prop_thr_mammals07	prop_thr_birds07	prop_thr_reptiles07	prop_thr_amphibians07	prop_thr_plants07	prop_thr_vertebrates07	threat_mammals17	threat_birds17	threat_reptiles17	threat_amphibians17	threat_plants17	prop_thr_mammals17	prop_thr_birds17	prop_thr_reptiles17	prop_thr_amphibians17	prop_thr_plants17	prop_thr_vertebrates17	Delta prop mammals	Delta prop birds	Delta prop reptiles	Delta prop amphibians	Delta prop plants	Delta prop vertebrates
Algeria	Africa	Continent	2381741	34178188	14,35	0,65	1	0,7	0,051	235500	12010,5	6890,36	351,41	2,5	59543,525	7,5	5	100	423	108	14	3164	15	10	7	3	3	0,15	0,02	0,06	0,21	0,0001	0,11	14	14	8	3	18	0,14	0,03	0,07	0,21	0,01	0,12	-0,01	0,01	0,01	0	0	0
Angola	Africa	Continent	1246700	12799293	10,27	0,57	2	0,67	0,024	110300	2647,2	8617,66	206,82	6,6	82282,2	6,97	0,37	296	997	254	135	5185	13	18	4	0	26	0,04	0,02	0,02	0,0001	0,01	0,02	18	29	5	0	34	0,06	0,03	0,02	0,0001	0,01	0,03	0,02	0,01	0	0	0	0,01
Benin	Africa	Continent	112622	8791832	78,06	0,41	2	0,35	0,044	12840	565	1460,45	64,26	7	7883,54	29,6	22,6	159	645	135	51	2500	11	4	4	0	14	0,07	0,01	0,03	0,0001	0,01	0,03	13	11	6	0	17	0,08	0,02	0,04	0,0001	0,01	0,04	0,01	0,01	0,01	0	0	0,01
Botswana	Africa	Continent	581730	1990876	3,42	0,6	1	0,81	0,087	26040	2265,5	13079,67	1137,93	18,5	107620,05	29,14	10,64	169	603	157	54	2151	8	8	0	0	0	0,05	0,01	0,0001	0,0001	0,0001	0,02	10	14	0	0	2	0,06	0,02	0,0001	0,0001	0,0001	0,02	0,01	0,01	0	0	0	0,01
Burkina Faso	Africa	Continent	274200	15746232	57,43	0,2	2	0,22	0,042	17820	748,4	1131,7	47,53	10,4	28516,8	14,89	4,49	129	511	81	32	1100	8	4	1	0	2	0,06	0,01	0,01	0,0001	0,0001	0,02	10	10	3	0	3	0,08	0,02	0,04	0,0001	0,0001	0,03	0,02	0,01	0,02	0	0	0,01
Burundi	Africa	Continent	27830	8988091	322,96	0,1	1	0,59	0,051	3103	158,3	345,23	17,61	5,6	1558,48	7,59	1,99	116	699	64	49	2500	11	8	0	6	2	0,09	0,01	0,0001	0,12	0,0001	0,06	14	14	0	1	8	0,12	0,02	0,0001	0,02	0,0001	0,04	0,03	0,01	0	-0,1	0	-0,02
Cameroon	Africa	Continent	475440	18879301	39,71	0,57	2	0,68	0,033	42760	1411,1	2264,91	74,74	4,5	21394,8	10,91	6,41	322	978	286	218	8260	42	15	2	53	355	0,13	0,02	0,01	0,24	0,04	0,1	44	27	12	56	490	0,14	0,03	0,04	0,26	0,06	0,12	0,01	0,01	0,03	0,01	0,02	0,02
Central African Republic	Africa	Continent	622984	4511488	7,24	0,39	2	0,49	0,014	3239	45,3	717,94	10,05	8,2	51084,688	18,06	9,86	187	793	201	99	3602	11	5	1	0	15	0,06	0,01	0,0001	0,0001	0,0001	0,02	15	14	0	0	24	0,08	0,02	0,0001	0,0001	0,01	0,02	0,02	0,01	0	0	0	0,01
Chad	Africa	Continent	1284000	10329208	8,04	0,27	2	0,26	0,019	16260	308,9	1574,18	29,91	9,1	116844	20,35	11,25	104	596	103	29	1600	13	6	1	0	2	0,13	0,0001	0,01	0,0001	0,0001	0,04	15	13	4	0	6	0,14	0,02	0,04	0,0001	0,0001	0,05	0,02	0,01	0,03	0	0	0,02
Congo	Africa	Continent	342000	4012809	11,73	0,61	2	0,84	0,019	15600	296,4	3887,55	73,86	4,5	15390	40,74	36,24	166	1184	354	254	6000	14	3	1	0	35	0,08	0,0001	0,0001	0,0001	0,01	0,02	17	6	4	0	45	0,1	0,01	0,01	0,0001	0,01	0,03	0,02	0	0,01	0	0	0,01
Cote dIvoire	Africa	Continent	322463	20617068	63,94	0,49	2	0,49	0,046	34000	1564	1649,12	75,86	2,6	8384,038	22,88	20,28	229	742	153	102	3660	25	12	3	13	105	0,11	0,02	0,02	0,13	0,03	0,07	30	22	7	14	113	0,13	0,03	0,05	0,14	0,03	0,09	0,02	0,01	0,03	0,01	0	0,02
Djibouti	Africa	Continent	23200	516055	22,24	0,87	1	0,68	0,084	1889	158,7	3660,46	307,48	0,2	46,4	1,57	1,37	69	369	33	8	1006	7	7	0	0	2	0,1	0,02	0,0001	0,0001	0,0001	0,03	8	11	1	0	3	0,12	0,03	0,03	0,0001	0,0001	0,04	0,01	0,01	0,03	0	0	0,01
Egypt	Africa	Continent	1001450	83082869	82,96	0,43	1	0,71	0,042	442600	18589,2	5327,21	223,74	0,8	8011,6	13,14	12,34	118	486	114	8	2076	14	10	11	0	2	0,12	0,02	0,1	0,0001	0,0001	0,06	19	14	12	0	3	0,16	0,03	0,11	0,0001	0,0001	0,07	0,04	0,01	0,01	0	0	0,01
Eritrea	Africa	Continent	117600	5647168	48,02	0,21	1	0,59	0,024	3946	94,7	698,76	16,77	5	5880	4,87	0	70	580	97	20	NA	12	7	6	0	3	0,17	0,01	0,06	0,0001	NA	0,06	12	17	6	0	5	0,17	0,03	0,06	0,0001	NA	0,07	0	0,02	0	0	NA	0
Ethiopia	Africa	Continent	1104300	87237338	79	0,17	2	0,43	0,06	66290	3977,4	759,88	45,59	5,5	60736,5	17,62	12,12	288	865	241	67	6603	38	21	1	9	22	0,13	0,02	0,0001	0,13	0,0001	0,07	30	32	2	12	43	0,1	0,04	0,01	0,18	0,01	0,08	-0,03	0,01	0	0,04	0	0,01
Gabon	Africa	Continent	267667	1514993	5,66	0,85	2	0,63	0,038	21440	814,7	14151,88	537,77	2,8	7494,676	22,44	19,64	166	757	140	103	6651	12	5	2	3	108	0,07	0,01	0,01	0,03	0,02	0,03	20	6	5	3	162	0,12	0,01	0,04	0,03	0,02	0,05	0,05	0	0,02	0	0,01	0,02
Gambia	Africa	Continent	11295	1782893	157,85	0,57	2	0,4	0,02	2264	45,3	1269,85	25,4	2,2	248,49	4,11	1,91	133	601	92	34	974	9	5	1	0	4	0,07	0,01	0,01	0,0001	0,0001	0,02	9	12	5	0	5	0,07	0,02	0,05	0,0001	0,01	0,04	0	0,01	0,04	0	0	0,01
Ghana	Africa	Continent	238533	23832495	99,91	0,5	2	0,58	0,054	34040	1838,2	1428,3	77,13	4,8	11449,584	15,04	10,24	249	773	181	84	3725	18	8	3	10	117	0,07	0,01	0,02	0,12	0,03	0,05	20	20	7	11	119	0,08	0,03	0,04	0,13	0,03	0,07	0,01	0,02	0,02	0,01	0	0,01
Guinea	Africa	Continent	245857	10057975	40,91	0,34	2	0,3	0,016	10460	167,4	1039,97	16,64	0,7	1720,999	35,65	34,95	215	736	593	101	3000	21	12	1	5	22	0,1	0,02	0,0001	0,05	0,01	0,04	27	19	8	5	44	0,13	0,03	0,01	0,05	0,01	0,05	0,03	0,01	0,01	0	0,01	0,01
Kenya	Africa	Continent	580367	39002772	67,2	0,22	2	0,85	0,069	61830	4266,3	1585,27	109,38	6,2	35982,754	12,36	6,16	407	1128	281	115	6506	32	27	5	6	103	0,08	0,02	0,02	0,05	0,02	0,04	27	41	11	11	232	0,07	0,04	0,04	0,1	0,04	0,06	-0,01	0,01	0,02	0,04	0,02	0,02
Lesotho	Africa	Continent	30355	2130819	70,2	0,25	1	0,85	0,13	3370	438,1	1581,55	205,6	0,2	60,71	0,26	0,06	59	360	18	30	1591	3	5	0	0	1	0,05	0,01	0,0001	0,0001	0,0001	0,02	3	7	0	0	4	0,05	0,02	0,0001	0,0001	0,0001	0,02	0	0,01	0	0	0	0
Libya	Africa	Continent	1759540	6310434	3,59	0,78	1	0,83	0,027	88860	2399,2	14081,44	380,2	0,1	1759,54	0,21	0,11	87	363	76	5	1825	9	4	5	0	1	0,1	0,01	0,07	0,0001	0,0001	0,05	11	7	6	0	3	0,13	0,02	0,08	0,0001	0,0001	0,06	0,02	0,01	0,01	0	0	0,01
Madagascar	Africa	Island	587041	20653556	35,18	0,29	2	0,69	0,031	20760	643,6	1005,15	31,16	1,9	11153,779	5,59	3,69	165	302	419	316	9505	47	35	20	55	280	0,28	0,12	0,05	0,17	0,03	0,16	120	35	139	141	609	0,73	0,12	0,33	0,45	0,06	0,41	0,44	0	0,28	0,27	0,03	0,25
Malawi	Africa	Continent	118484	14268711	120,43	0,19	2	0,63	0,058	11560	670,5	810,16	46,99	11,3	13388,692	22,88	11,58	207	678	126	89	3765	7	12	0	5	14	0,03	0,02	0,0001	0,06	0,0001	0,03	10	18	4	6	24	0,05	0,03	0,03	0,07	0,01	0,04	0,01	0,01	0,03	0,01	0	0,02
Mali	Africa	Continent	12401492	12666987	1,02	0,32	1	0,46	0,045	14480	651,6	1143,13	51,44	3,7	458855,204	8,23	4,53	134	615	359	33	1741	13	6	1	0	6	0,1	0,01	0,0001	0,0001	0,0001	0,03	13	15	4	0	8	0,1	0,02	0,01	0,0001	0,0001	0,03	0	0,01	0,01	0	0	0,01
Mauritania	Africa	Continent	1030700	3129486	3,04	0,41	2	0,51	0,029	6310	183	2016,31	58,47	1,7	17521,9	0,62	0	94	567	92	25	1100	11	8	2	0	0	0,12	0,01	0,02	0,0001	0,0001	0,04	18	16	6	0	0	0,19	0,03	0,07	0,0001	0,0001	0,07	0,07	0,01	0,04	0	0	0,03
Mauritius	Africa	Island	2040	1284264	629,54	0,42	1	0,84	0,039	15360	599	11960,16	466,45	6	122,4	4,73	0	10	137	33	3	900	4	11	7	0	88	0,4	0,08	0,21	0,0001	0,1	0,17	7	10	10	0	90	0,7	0,07	0,3	0,0001	0,1	0,27	0,3	-0,01	0,09	0	0	0,1
Mozambique	Africa	Continent	799380	21669278	27,11	0,37	1	0,48	0,05	18950	947,5	874,51	43,73	6,1	48762,18	21,57	15,47	228	757	225	94	5692	14	21	5	3	46	0,06	0,03	0,02	0,03	0,01	0,04	15	29	13	5	113	0,07	0,04	0,06	0,05	0,02	0,05	0	0,01	0,04	0,02	0,01	0,02
Namibia	Africa	Continent	824292	2108665	2,56	0,37	1	0,85	0,069	11230	774,9	5325,64	367,47	12,9	106333,668	37,89	24,99	192	680	270	63	3174	10	21	3	1	24	0,05	0,03	0,01	0,02	0,01	0,03	15	30	5	1	27	0,08	0,04	0,02	0,02	0,01	0,04	0,03	0,01	0,01	0	0	0,01
Niger	Africa	Continent	1266700	15306252	12,08	0,16	1	0,29	0,034	9784	332,7	639,22	21,73	7,7	97535,9	17,32	9,62	123	544	241	20	1460	12	5	0	0	2	0,1	0,01	0,0001	0,0001	0,0001	0,03	13	11	2	0	3	0,11	0,02	0,01	0,0001	0,0001	0,03	0,01	0,01	0,01	0	0	0,01
Nigeria	Africa	Continent	923768	149229090	161,54	0,48	2	0,68	0,009	338100	3042,9	2265,64	20,39	3,3	30484,344	13,93	10,63	290	968	199	120	4715	29	12	3	13	171	0,1	0,01	0,02	0,11	0,04	0,06	30	22	12	13	196	0,1	0,02	0,06	0,11	0,04	0,07	0	0,01	0,05	0	0,01	0,01
Rwanda	Africa	Continent	26338	10473282	397,65	0,18	1	0,7	0,038	9061	344,3	865,15	32,88	14,7	3871,686	9,11	0,33	206	720	76	54	2288	17	10	0	8	3	0,08	0,01	0,0001	0,15	0,0001	0,06	24	17	0	2	8	0,12	0,02	0,0001	0,04	0,0001	0,04	0,03	0,01	0	-0,11	0	-0,02
Senegal	Africa	Continent	196722	13711597	69,7	0,42	2	0,39	0,05	21900	1095	1597,19	79,86	11,3	22229,586	25,35	14,05	191	682	128	40	2086	13	8	6	0	7	0,07	0,01	0,05	0,0001	0,0001	0,03	18	17	8	0	12	0,09	0,02	0,06	0,0001	0,01	0,05	0,03	0,01	0,02	0	0	0,01
Sierra Leone	Africa	Continent	71740	6440053	89,77	0,38	2	0,35	0,038	4307	163,7	668,78	25,41	1,1	789,14	9,39	8,29	197	671	98	62	2090	15	10	3	2	47	0,08	0,01	0,03	0,03	0,02	0,04	22	14	8	3	66	0,11	0,02	0,08	0,05	0,03	0,07	0,04	0,01	0,05	0,02	0,01	0,03
South Africa	Africa	Continent	1219090	49052489	40,24	0,61	1	0,86	0,054	489700	26443,8	9983,18	539,09	5,4	65830,86	8,28	2,88	320	991	454	128	23420	29	36	19	21	73	0,09	0,04	0,04	0,16	0,0001	0,08	27	48	32	18	146	0,08	0,05	0,07	0,14	0,01	0,09	-0,01	0,01	0,03	-0,02	0	0
Sudan	Africa	Continent	2505813	41087825	16,4	0,43	1	0,61	0,06	87270	5236,2	2123,99	127,44	3,6	90209,268	2,28	0	302	659	185	23	3137	17	13	2	0	17	0,06	0,02	0,01	0,0001	0,01	0,02	13	23	5	0	16	0,04	0,03	0,03	0,0001	0,01	0,03	-0,01	0,02	0,02	0	0	0
Swaziland	Africa	Continent	17364	1123913	64,73	0,25	1	0,82	0,07	7703	539,2	6853,73	479,76	2	347,28	4,26	2,26	107	519	98	52	4074	6	7	0	0	11	0,06	0,01	0,0001	0,0001	0,0001	0,02	8	11	0	0	11	0,07	0,02	0,0001	0,0001	0,0001	0,02	0,02	0,01	0	0	0	0,01
Tanzania	Africa	Continent	947300	41048532	43,33	0,25	1	0,69	0,022	54260	1193,7	1321,85	29,08	15,6	147778,8	38,17	22,57	375	1131	360	202	10008	34	39	5	41	240	0,09	0,03	0,01	0,2	0,02	0,09	37	48	34	61	602	0,1	0,04	0,09	0,3	0,06	0,13	0,01	0,01	0,08	0,1	0,04	0,05
Togo	Africa	Continent	56785	6019877	106,01	0,42	2	0,61	0,026	5105	132,7	848,02	22,05	7,9	4486,015	27,62	19,72	175	674	158	53	3085	10	2	2	3	10	0,06	0,0001	0,01	0,06	0,0001	0,03	12	11	5	2	12	0,07	0,02	0,03	0,04	0,0001	0,04	0,01	0,01	0,02	-0,02	0	0,01
Tunisia	Africa	Continent	163610	10486339	64,09	0,67	1	0,74	0,073	81880	5977,2	7808,25	570	0,3	490,83	7,91	7,61	78	406	73	8	2196	14	7	4	1	0	0,18	0,02	0,05	0,13	0,0001	0,09	14	10	6	1	7	0,18	0,02	0,08	0,13	0,0001	0,1	0	0,01	0,03	0	0	0,01
Uganda	Africa	Continent	241038	32369558	134,29	0,13	2	0,67	0,052	35880	1865,8	1108,45	57,64	9,6	23139,648	16,06	6,46	360	1078	175	80	4900	28	17	0	6	38	0,08	0,02	0,0001	0,08	0,01	0,04	28	26	3	2	53	0,08	0,02	0,02	0,03	0,01	0,04	0	0,01	0,02	-0,05	0	-0,01
Zambia	Africa	Continent	752618	11862740	15,76	0,35	2	0,81	0,02	17390	347,8	1465,93	29,32	8,6	64725,148	37,87	29,27	255	851	184	104	4747	12	10	0	1	8	0,05	0,01	0,0001	0,01	0,0001	0,02	13	18	2	0	21	0,05	0,02	0,01	0,0001	0,0001	0,02	0	0,01	0,01	-0,01	0	0
Zimbabwe	Africa	Continent	390757	11392629	29,16	0,37	1	0,91	0,046	1959	90,1	171,95	7,91	7,9	30869,803	27,21	19,31	222	690	190	78	4440	10	12	0	6	17	0,05	0,02	0,0001	0,08	0,0001	0,03	10	17	4	7	43	0,05	0,02	0,02	0,09	0,01	0,05	0	0,01	0,02	0,01	0,01	0,01
Armenia	Asia	Continent	29743	2967004	99,75	0,64	1	1	0,032	18920	605,4	6376,8	204,06	7,6	2260,468	23,11	15,51	78	369	53	9	3553	11	12	5	0	1	0,14	0,03	0,09	0,0001	0,0001	0,07	9	15	7	0	71	0,12	0,04	0,13	0,0001	0,02	0,07	-0,03	0,01	0,04	0	0,02	0,01
Azerbaijan	Asia	Continent	86600	8238672	95,13	0,52	1	0,99	0,021	73650	1546,7	8939,55	187,73	5,5	4763	10,16	4,66	82	380	64	11	4300	11	13	5	0	0	0,13	0,03	0,08	0,0001	0,0001	0,06	8	18	9	1	42	0,1	0,05	0,14	0,09	0,01	0,09	-0,04	0,01	0,06	0,09	0,01	0,03
Bangladesh	Asia	Continent	143998	156050883	1083,7	0,27	1	0,48	0,027	224000	6048	1435,43	38,76	0,8	1151,984	4,61	3,81	131	797	131	54	5000	29	26	21	1	12	0,22	0,03	0,16	0,02	0,0001	0,11	36	36	23	1	21	0,27	0,05	0,18	0,02	0,0001	0,13	0,05	0,01	0,02	0	0	0,02
Bhutan	Asia	Continent	38394	691141	18	0,35	1	0,47	0,07	3789	265,2	5482,24	383,76	21,2	8139,528	48,01	26,81	92	678	62	45	5468	22	16	1	1	7	0,24	0,02	0,02	0,02	0,0001	0,08	25	20	3	1	18	0,27	0,03	0,05	0,02	0,0001	0,09	0,03	0,01	0,03	0	0	0,02
Cambodia	Asia	Continent	181035	14494293	80,06	0,22	1	0,74	0,017	27950	475,2	1928,35	32,78	16,2	29327,67	26,03	9,83	127	631	186	79	8000	27	24	11	3	31	0,21	0,04	0,06	0,04	0,0001	0,09	38	28	20	8	35	0,3	0,04	0,11	0,1	0,0001	0,14	0,09	0,01	0,05	0,06	0	0,05
China	Asia	Continent	9596961	1338612968	139,48	0,43	1	0,91	0,019	7800000	148200	5826,93	110,71	6,4	614205,504	15,61	9,21	502	1408	484	482	32200	83	86	31	85	446	0,17	0,06	0,06	0,18	0,01	0,12	74	93	43	87	573	0,15	0,07	0,09	0,18	0,02	0,12	-0,02	0	0,02	0	0	0
Georgia	Asia	Continent	69700	4615807	66,22	0,53	1	1	0,031	21600	669,6	4679,57	145,07	2,8	1951,6	8,33	5,53	98	381	151	11	4350	13	8	7	1	0	0,13	0,02	0,05	0,09	0,0001	0,07	9	15	7	1	61	0,09	0,04	0,05	0,09	0,01	0,07	-0,04	0,02	0	0	0,01	-0,01
India	Asia	Continent	3287263	1166079217	354,73	0,29	1	0,61	0,032	3267000	104544	2801,7	89,65	4,8	157788,624	5,97	1,17	422	1324	696	430	18664	89	75	25	63	247	0,21	0,06	0,04	0,15	0,01	0,11	92	87	54	75	387	0,22	0,07	0,08	0,17	0,02	0,13	0,01	0,01	0,04	0,03	0,01	0,02
Indonesia	Asia	Island	1904569	240271522	126,16	0,52	2	0,9	0,036	915900	32972,4	3811,94	137,23	9,7	184743,193	12,17	2,47	667	1759	736	448	29375	146	116	27	33	386	0,22	0,07	0,04	0,07	0,01	0,1	187	153	33	32	427	0,28	0,09	0,04	0,07	0,01	0,12	0,06	0,02	0,01	0	0	0,02
Iran, Islamic Republic of	Asia	Continent	1648195	66429284	40,3	0,68	1	0,77	0,051	842000	42942	12675,13	646,43	5,1	84057,945	8,61	3,51	158	552	340	22	8000	24	18	8	4	1	0,15	0,03	0,02	0,18	0,0001	0,1	18	27	14	4	4	0,11	0,05	0,04	0,18	0,0001	0,1	-0,04	0,02	0,02	0	0	0
Israel	Asia	Continent	22072	7233701	327,73	0,92	1	0,97	0,069	200700	13848,3	27745,13	1914,41	14,9	3288,728	19,95	5,05	115	572	102	11	2137	15	12	10	0	0	0,13	0,02	0,1	0,0001	0,0001	0,06	15	18	10	2	10	0,13	0,03	0,1	0,18	0,0001	0,11	0	0,01	0	0,18	0	0,05
Japan	Asia	Island	377915	127078679	336,26	0,66	1	0,99	0,035	4348000	152180	34215,02	1197,53	6,8	25698,22	29,39	22,59	171	706	98	77	5565	37	39	11	20	12	0,22	0,06	0,11	0,26	0,0001	0,16	28	45	14	20	47	0,16	0,06	0,14	0,26	0,01	0,16	-0,05	0,01	0,03	0	0,01	0
Jordan	Asia	Continent	89342	6342948	71	0,78	1	0,9	0,049	30760	1507,2	4849,48	237,62	3,4	3037,628	3,09	0	93	428	115	7	2100	12	8	5	0	0	0,13	0,02	0,04	0,0001	0,0001	0,05	13	13	6	0	5	0,14	0,03	0,05	0,0001	0,0001	0,06	0,01	0,01	0,01	0	0	0,01
Kazakhstan	Asia	Continent	2724900	15399437	5,65	0,58	1	1	0,023	176900	4068,7	11487,43	264,21	2,7	73572,3	3,31	0,61	145	509	50	12	6000	19	20	2	1	16	0,13	0,04	0,04	0,08	0,0001	0,07	16	27	1	1	16	0,11	0,05	0,02	0,08	0,0001	0,07	-0,02	0,01	-0,02	0	0	-0,01
Korea, Republic of	Asia	Continent	99720	48508972	486,45	0,81	1	0,91	0,046	1278000	58788	26345,64	1211,9	2,4	2393,28	11,67	9,27	89	558	24	20	2898	10	27	0	1	0	0,11	0,05	0,0001	0,05	0,0001	0,05	11	32	3	3	31	0,12	0,06	0,13	0,15	0,01	0,11	0,01	0,01	0,13	0,1	0,01	0,06
Kuwait	Asia	Continent	17818	2691158	151,04	0,98	2	0,93	0,038	149100	5665,8	55403,66	2105,34	1,5	267,27	17,5	16	23	424	37	0	234	4	8	1	0	0	0,17	0,02	0,03	0,0001	0,0001	0,05	6	11	4	0	0	0,26	0,03	0,11	0,0001	0,0001	0,1	0,09	0,01	0,08	0	0	0,04
Lebanon	Asia	Continent	10400	4017095	386,26	0,87	1	0,87	0,027	44070	1189,9	10970,61	296,21	0,3	31,2	2,6	2,3	70	390	59	8	3000	9	6	6	0	0	0,13	0,02	0,1	0,0001	0,0001	0,06	10	12	8	0	12	0,14	0,03	0,14	0,0001	0,0001	0,08	0,01	0,02	0,03	0	0	0,02
Malaysia	Asia	Continent	329847	25715819	77,96	0,7	1	0,89	0,062	386600	23969,2	15033,55	932,08	4,5	14843,115	19,12	14,62	337	813	493	277	15500	50	40	21	46	686	0,15	0,05	0,04	0,17	0,04	0,1	72	54	31	48	720	0,21	0,07	0,06	0,17	0,05	0,13	0,07	0,02	0,02	0,01	0	0,03
Mongolia	Asia	Continent	1564116	3041142	1,94	0,57	1	0,98	0,05	9557	477,9	3142,57	157,13	10,3	161103,948	17,71	7,41	140	510	31	8	2823	14	20	0	0	0	0,1	0,04	0,0001	0,0001	0,0001	0,03	11	25	0	0	0	0,08	0,05	0,0001	0,0001	0,0001	0,03	-0,02	0,01	0	0	0	0
Nepal	Asia	Continent	147181	28563377	194,07	0,17	2	0,49	0,034	31090	1057,1	1088,46	37,01	7,8	11480,118	23,63	15,83	203	906	146	62	6973	32	31	6	3	7	0,16	0,03	0,04	0,05	0,0001	0,07	29	36	9	3	17	0,14	0,04	0,06	0,05	0,0001	0,07	-0,01	0,01	0,02	0	0	0
Oman	Asia	Continent	309500	3418085	11,04	0,72	2	0,81	0,04	67000	2680	19601,62	784,06	16,1	49829,5	2,57	0	74	533	246	2	1204	12	9	4	0	6	0,16	0,02	0,02	0,0001	0,0001	0,05	10	13	8	0	6	0,14	0,02	0,03	0,0001	0,0001	0,05	-0,03	0,01	0,02	0	0	0
Pakistan	Asia	Continent	796095	176242949	221,38	0,36	2	0,5	0,026	452700	11770,2	2568,61	66,78	4,8	38212,56	12,31	7,51	195	767	207	21	4950	23	26	9	0	2	0,12	0,03	0,04	0,0001	0,0001	0,05	25	32	12	0	12	0,13	0,04	0,06	0,0001	0,0001	0,06	0,01	0,01	0,01	0	0	0,01
Philippines	Asia	Island	300000	97976603	326,59	0,65	2	0,93	0,025	320600	8015	3272,21	81,81	4,9	14700	15,32	10,42	222	686	351	115	8931	51	67	9	48	213	0,23	0,1	0,03	0,42	0,02	0,19	39	92	39	48	239	0,18	0,13	0,11	0,42	0,03	0,21	-0,05	0,04	0,09	0	0	0,02
Russia	Asia	Continent	17098242	140041247	8,19	0,73	1	0,99	0,038	2225000	84550	15888,18	603,75	3,1	530045,502	9,73	6,63	296	805	90	36	11400	45	51	6	0	7	0,15	0,06	0,07	0,0001	0,0001	0,07	33	55	9	0	56	0,11	0,07	0,1	0,0001	0,0001	0,07	-0,04	0	0,03	0	0	0
Saudi Arabia	Asia	Continent	2149690	28686633	13,34	0,82	1	0,79	0,068	582800	39630,4	20316,08	1381,49	2,3	49442,87	4,76	2,46	94	524	109	8	2028	12	14	2	0	3	0,13	0,03	0,02	0,0001	0,0001	0,04	10	19	3	0	4	0,11	0,04	0,03	0,0001	0,0001	0,04	-0,02	0,01	0,01	0	0	0
Singapore	Asia	Island	697	4657542	6682,27	1	1	0,93	0,037	240000	8880	51529,33	1906,59	4,4	30,668	5,55	1,15	73	428	125	30	2282	4	13	4	0	54	0,05	0,03	0,03	0,0001	0,02	0,03	13	17	6	0	57	0,18	0,04	0,05	0,0001	0,02	0,07	0,12	0,01	0,02	0	0	0,04
Thailand	Asia	Continent	513120	65905410	128,44	0,33	1	0,93	0,042	553400	23242,8	8396,88	352,67	13,1	67218,72	18,81	5,71	300	1053	433	183	11625	38	43	22	3	86	0,13	0,04	0,05	0,02	0,01	0,06	57	54	28	3	152	0,19	0,05	0,06	0,02	0,01	0,08	0,06	0,01	0,01	0	0,01	0,02
Turkey	Asia	Continent	783562	76805524	98,02	0,69	1	0,87	0,04	906500	36260	11802,54	472,1	0,4	3134,248	0,22	0	145	503	147	37	8650	18	15	13	9	3	0,12	0,03	0,09	0,24	0,0001	0,12	18	20	20	10	106	0,12	0,04	0,14	0,27	0,01	0,14	0	0,01	0,05	0,03	0,01	0,02
Turkmenistan	Asia	Continent	488100	4884887	10,01	0,49	1	0,99	0,039	29650	1156,4	6069,74	236,72	4,2	20500,2	3,25	0	103	410	87	5	2800	15	15	1	0	3	0,15	0,04	0,01	0,0001	0,0001	0,05	10	20	2	0	4	0,1	0,05	0,02	0,0001	0,0001	0,04	-0,05	0,01	0,01	0	0	-0,01
Uzbekistan	Asia	Continent	447400	276066007	617,05	0,37	1	0,99	0,094	71630	6733,2	259,47	24,39	2,1	9395,4	3,38	1,28	91	388	59	5	4800	10	15	2	0	15	0,11	0,04	0,03	0,0001	0,0001	0,05	10	20	2	0	17	0,11	0,05	0,03	0,0001	0,0001	0,05	0	0,01	0	0	0	0
Viet Nam	Asia	Continent	331210	86967524	262,58	0,28	1	0,9	0,018	241800	4352,4	2780,35	50,05	3,1	10267,51	7,58	4,48	279	921	467	264	10500	43	38	25	15	146	0,15	0,04	0,05	0,06	0,01	0,08	55	47	49	29	204	0,2	0,05	0,1	0,11	0,02	0,12	0,04	0,01	0,05	0,05	0,01	0,04
Yemen	Asia	Continent	527968	23822783	45,12	0,31	1	0,5	0,096	55290	5307,8	2320,89	222,81	0	0	0,77	0,77	74	465	110	9	1650	8	13	2	1	159	0,11	0,03	0,02	0,11	0,1	0,07	9	18	7	1	162	0,12	0,04	0,06	0,11	0,1	0,08	0,01	0,01	0,05	0	0	0,02
Barbados	Central_America	Island	430	284589	661,83	0,4	1	1	0,069	5466	377,2	19206,65	1325,26	0	0	1,27	1,27	14	266	11	2	700	1	1	4	0	2	0,07	0,0001	0,36	0,0001	0,0001	0,11	3	3	7	0	3	0,21	0,01	0,64	0,0001	0,0001	0,22	0,14	0,01	0,27	0	0	0,11
Belize	Central_America	Continent	22966	307899	13,41	0,52	2	0,77	0,053	2820	149,5	9158,85	485,42	20,9	4799,894	37,68	16,78	147	603	141	141	2894	5	3	5	6	30	0,03	0,0001	0,04	0,04	0,01	0,03	9	5	8	4	36	0,06	0,01	0,06	0,03	0,01	0,04	0,03	0	0,02	-0,01	0	0,01
Costa Rica	Central_America	Continent	51100	4253877	83,25	0,63	1	0,95	0,049	48480	2375,5	11396,66	558,44	13,7	7000,7	28,29	14,59	232	926	261	207	12119	12	17	8	62	111	0,05	0,02	0,03	0,3	0,01	0,1	11	24	12	61	140	0,05	0,03	0,05	0,29	0,01	0,1	0	0,01	0,02	0	0	0
Cuba	Central_America	Island	110860	11451652	103,3	0,76	1	1	0,091	108200	9846,2	9448,42	859,81	17,4	19289,64	16,55	0	65	377	174	70	6522	11	17	7	47	163	0,17	0,05	0,04	0,67	0,02	0,23	11	17	16	49	179	0,17	0,05	0,09	0,7	0,03	0,25	0	0	0,05	0,03	0	0,02
Dominican Republic	Central_America	Island	48670	9650054	198,28	0,69	2	0,87	0,036	77430	2787,5	8023,79	288,86	31,5	15331,05	26,24	6,04	36	318	126	48	5657	5	14	10	31	30	0,14	0,04	0,08	0,65	0,01	0,23	6	15	44	32	42	0,17	0,05	0,35	0,67	0,01	0,31	0,03	0	0,27	0,02	0	0,08
El Salvador	Central_America	Continent	21041	7185218	341,49	0,61	1	0,82	0,031	43940	1362,1	6115,33	189,58	0,3	63,123	8,78	8,48	137	606	153	38	2911	3	4	6	9	26	0,02	0,01	0,04	0,24	0,01	0,08	6	6	10	10	29	0,04	0,01	0,07	0,26	0,01	0,1	0,02	0	0,03	0,03	0	0,02
Guatemala	Central_America	Continent	108889	13276517	121,93	0,49	2	0,69	0,026	68020	1768,5	5123,33	133,21	16,8	18293,352	20,05	3,25	193	768	263	167	8681	7	11	14	76	84	0,04	0,01	0,05	0,46	0,01	0,14	15	15	32	78	101	0,08	0,02	0,12	0,47	0,01	0,17	0,04	0,01	0,07	0,01	0	0,03
Haiti	Central_America	Island	27750	9035536	325,6	0,47	1	0,53	0,014	11590	162,3	1282,71	17,96	0,4	111	1,95	1,55	41	268	123	55	5242	4	13	9	46	29	0,1	0,05	0,07	0,84	0,01	0,26	5	15	50	49	42	0,12	0,06	0,41	0,89	0,01	0,37	0,02	0,01	0,33	0,05	0	0,1
Honduras	Central_America	Continent	112090	7792854	69,52	0,48	1	0,8	0,038	33630	1277,9	4315,49	163,99	9,9	11096,91	23,89	13,99	201	782	270	148	5680	9	7	11	55	110	0,04	0,01	0,04	0,37	0,02	0,12	7	12	40	56	123	0,03	0,02	0,15	0,38	0,02	0,14	-0,01	0,01	0,11	0,01	0	0,03
Jamaica	Central_America	Island	10991	2825928	257,11	0,53	1	0,88	0,053	20880	1106,6	7388,72	391,6	0,1	10,991	15,92	15,82	35	324	50	25	3308	5	10	8	17	209	0,14	0,03	0,16	0,68	0,06	0,25	6	10	21	15	214	0,17	0,03	0,42	0,6	0,06	0,31	0,03	0	0,26	-0,08	0	0,05
Mexico	Central_America	Continent	1964375	111211789	56,61	0,77	1	0,91	0,055	1559000	85745	14018,3	771,01	2,4	47145	14,46	12,06	544	1120	924	402	26071	72	59	95	198	261	0,13	0,05	0,1	0,49	0,01	0,2	95	64	97	219	401	0,17	0,06	0,1	0,54	0,02	0,22	0,04	0	0	0,05	0,01	0,03
Nicaragua	Central_America	Continent	130370	5891199	45,19	0,57	1	0,68	0,031	16830	521,7	2856,8	88,56	7,4	9647,38	37,23	29,83	181	738	194	76	7590	5	9	8	10	39	0,03	0,01	0,04	0,13	0,01	0,05	7	15	9	10	46	0,04	0,02	0,05	0,13	0,01	0,06	0,01	0,01	0,01	0	0	0,01
Panama	Central_America	Continent	75420	3360474	44,55680191	0,73	1	0,919	0,038	38490	1462,62	11453,74135	435,2421712	19,1	14405,22	20,89	1,79	241	997	274	228	9915	17	19	7	55	194	0,07	0,02	0,03	0,24	0,02	0,09	17	23	10	49	208	0,07	0,02	0,04	0,21	0,02	0,09	0	0	0,01	-0,03	0	0
Trinidad and Tobago	Central_America	Island	5128	1229953	239,85	0,13	2	0,99	0,042	24190	1016	19667,42	826,03	3	153,84	30,59	27,59	116	485	32	37	2259	1	2	5	9	1	0,01	0,0001	0,16	0,24	0,0001	0,1	2	5	7	8	2	0,02	0,01	0,22	0,22	0,0001	0,12	0,01	0,01	0,06	-0,03	0	0,01
Albania	Europe	Continent	28748	3639453	126,6	0,47	1	0,99	0,029	21820	632,8	5995,41	173,87	2,8	804,944	17,74	14,94	73	353	38	18	3031	2	6	4	2	0	0,03	0,02	0,11	0,11	0,0001	0,07	3	9	4	2	0	0,04	0,03	0,11	0,11	0,0001	0,07	0,01	0,01	0	0	0	0,01
Austria	Europe	Continent	83871	8210281	97,89	0,67	1	0,98	0,054	325000	17550	39584,52	2137,56	28,3	23735,493	28,4	0,1	101	441	16	19	3100	6	5	1	0	4	0,06	0,01	0,06	0,0001	0,0001	0,03	3	11	1	0	13	0,03	0,02	0,06	0,0001	0,0001	0,03	-0,03	0,01	0	0	0	0
Belarus	Europe	Continent	207600	9648533	46,48	0,73	1	1	0,061	114100	6960,1	11825,63	721,36	4,2	8719,2	9,35	5,15	71	329	7	12	2100	6	3	0	0	0	0,08	0,01	0,0001	0,0001	0,0001	0,02	4	9	0	0	1	0,06	0,03	0,0001	0,0001	0,0001	0,02	-0,03	0,02	0	0	0	0
Belgium	Europe	Continent	30528	10414336	341,14	0,97	1	0,99	0,06	390500	23430	37496,39	2249,78	2,6	793,728	24,88	22,28	92	468	9	8	1550	8	1	0	0	1	0,09	0,0001	0,0001	0,0001	0,0001	0,02	2	7	0	0	0	0,02	0,01	0,0001	0,0001	0,0001	0,01	-0,07	0,01	0	0	0	-0,01
Bulgaria	Europe	Continent	110879	7204687	64,98	0,71	1	0,98	0,045	93780	4220,1	13016,53	585,74	4,4	4878,676	40,59	36,19	106	425	38	18	3572	13	12	2	0	0	0,12	0,03	0,05	0,0001	0,0001	0,05	8	18	2	0	6	0,08	0,04	0,05	0,0001	0,0001	0,04	-0,05	0,01	0	0	0	-0,01
Croatia	Europe	Continent	56594	4489409	79,33	0,57	1	0,98	0,045	73360	3301,2	16340,68	735,33	6,7	3791,798	38,26	31,56	96	408	40	20	4288	7	11	2	2	1	0,07	0,03	0,05	0,1	0,0001	0,06	9	15	4	2	8	0,09	0,04	0,1	0,1	0,0001	0,08	0,02	0,01	0,05	0	0	0,02
Czech Republic	Europe	Continent	78867	10211904	129,48	0,73	1	0,99	0,044	266300	11717,2	26077,41	1147,41	15,8	12460,986	22,16	6,36	88	417	13	20	1900	7	5	0	0	4	0,08	0,01	0,0001	0,0001	0,0001	0,02	3	9	0	0	10	0,03	0,02	0,0001	0,0001	0,01	0,01	-0,05	0,01	0	0	0	-0,01
Denmark	Europe	Continent	43094	5500510	127,64	0,87	1	0,99	0,083	203600	16898,8	37014,75	3072,22	32,2	13876,268	18,1	0,3	81	484	6	14	1450	3	3	0	0	3	0,04	0,01	0,0001	0,0001	0,0001	0,01	2	8	0	0	1	0,02	0,02	0,0001	0,0001	0,0001	0,01	-0,01	0,01	0	0	0	0
Estonia	Europe	Continent	45228	1299371	28,73	0,69	1	1	0,051	27720	1413,7	21333,4	1088	12	5427,36	20,28	8,28	67	399	6	10	1630	5	3	0	0	0	0,07	0,01	0,0001	0,0001	0,0001	0,02	1	9	0	0	0	0,01	0,02	0,0001	0,0001	0,0001	0,01	-0,06	0,02	0	0	0	-0,01
Finland	Europe	Continent	338145	5250275	15,53	0,63	1	1	0,064	195200	12492,8	37179	2379,46	6	20288,7	15,07	9,07	80	488	6	6	1102	4	3	0	0	1	0,05	0,01	0,0001	0,0001	0,0001	0,01	2	10	0	0	2	0,03	0,02	0,0001	0,0001	0,0001	0,01	-0,03	0,01	0	0	0	0
France	Europe	Continent	643427	64057792	99,56	0,77	2	0,99	0,057	2097000	119529	32736,06	1865,96	11,7	75280,959	25,98	14,28	148	591	53	40	4630	15	5	5	2	7	0,1	0,01	0,09	0,05	0,0001	0,06	9	14	5	2	35	0,06	0,02	0,09	0,05	0,01	0,06	-0,04	0,02	0	0	0,01	-0,01
Germany	Europe	Continent	357022	82329758	230,6	0,74	1	0,99	0,046	2863000	131698	34774,79	1599,64	27	96395,94	37,86	10,86	126	541	15	21	2682	9	4	0	0	12	0,07	0,01	0,0001	0,0001	0,0001	0,02	5	11	0	0	12	0,04	0,02	0,0001	0,0001	0,0001	0,02	-0,03	0,01	0	0	0	0
Greece	Europe	Continent	131957	10737428	81,37	0,61	1	0,96	0,044	346600	15250,4	32279,61	1420,3	2,2	2903,054	35,22	33,02	118	463	71	26	4992	11	10	5	5	11	0,09	0,02	0,07	0,19	0,0001	0,09	11	16	9	5	60	0,09	0,03	0,13	0,19	0,01	0,11	0	0,01	0,06	0	0,01	0,02
Hungary	Europe	Continent	93028	9905596	106,48	0,68	1	0,99	0,055	205700	11313,5	20766,04	1142,13	6,8	6325,904	22,6	15,8	88	430	17	17	2214	9	9	1	0	1	0,1	0,02	0,06	0,0001	0,0001	0,05	3	13	1	0	9	0,03	0,03	0,06	0,0001	0,0001	0,03	-0,07	0,01	0	0	0	-0,01
Iceland	Europe	Island	103000	306694	2,98	0,92	1	0,99	0,076	12150	923,4	39616,03	3010,82	9,7	9991	18,15	8,45	33	405	0	0	377	6	0	0	0	0	0,18	0,0001	0,0001	0,0001	0,0001	0,05	6	5	0	0	0	0,18	0,01	0,0001	0,0001	0,0001	0,05	0	0,01	0	0	0	0
Ireland	Europe	Island	70273	4203200	59,81	0,61	1	0,99	0,047	191900	9019,3	45655,69	2145,82	0,9	632,457	14,44	13,54	63	495	16	3	950	3	1	0	0	1	0,05	0,0001	0,0001	0,0001	0,0001	0,01	5	8	1	0	1	0,08	0,02	0,06	0,0001	0,0001	0,04	0,03	0,01	0,06	0	0	0,03
Italy	Europe	Continent	301340	58126212	192,89	0,68	1	0,98	0,045	1821000	81945	31328,38	1409,78	7,3	21997,82	21,84	14,54	132	543	59	44	5599	12	7	5	6	19	0,09	0,01	0,08	0,14	0,0001	0,08	8	15	4	9	71	0,06	0,03	0,07	0,2	0,01	0,09	-0,03	0,01	-0,02	0,07	0,01	0,01
Latvia	Europe	Continent	64589	2231503	34,55	0,68	1	1	0,051	38980	1988	17468,05	890,87	12,5	8073,625	18,17	5,67	68	369	7	11	1153	5	4	0	0	0	0,07	0,01	0,0001	0,0001	0,0001	0,02	1	10	0	0	0	0,01	0,03	0,0001	0,0001	0,0001	0,01	-0,06	0,02	0	0	0	-0,01
Lithuania	Europe	Continent	65300	3555179	54,44	0,67	1	1	0,05	63250	3162,5	17790,95	889,55	10	6530	17,02	7,02	71	383	8	12	1796	6	4	0	0	0	0,08	0,01	0,0001	0,0001	0,0001	0,02	2	9	0	0	1	0,03	0,02	0,0001	0,0001	0,0001	0,01	-0,06	0,01	0	0	0	-0,01
Macedonia, the former Yugoslav Republic of	Europe	Continent	25713	2066718	80,38	0,67	1	0,96	0,035	18520	648,2	8961,07	313,64	7,1	1825,623	10,56	3,46	89	340	34	15	3500	9	10	2	0	0	0,1	0,03	0,06	0,0001	0,0001	0,05	6	14	2	0	0	0,07	0,04	0,06	0,0001	0,0001	0,04	-0,03	0,01	0	0	0	-0,01
Moldova, Republic of	Europe	Continent	33851	4320748	127,64	0,42	1	0,99	0,076	10630	807,9	2460,22	186,98	1,2	406,212	4,15	2,95	50	316	14	14	1752	5	9	1	0	0	0,1	0,03	0,07	0,0001	0,0001	0,05	5	12	2	0	2	0,1	0,04	0,14	0,0001	0,0001	0,07	0	0,01	0,07	0	0	0,02
Netherlands	Europe	Continent	41543	16715999	402,38	0,82	1	0,99	0,053	670200	35520,6	40093,33	2124,95	6,7	2783,381	11,24	4,54	95	535	17	18	1221	10	1	0	0	0	0,11	0,0001	0,0001	0,0001	0,0001	0,03	3	9	0	0	0	0,03	0,02	0,0001	0,0001	0,0001	0,01	-0,07	0,01	0	0	0	-0,01
Norway	Europe	Continent	323802	4660539	14,39	0,77	1	1	0,072	256500	18468	55036,55	3962,63	6,8	22018,536	17,21	10,41	83	521	9	6	1715	10	2	0	0	2	0,12	0,0001	0,0001	0,0001	0,0001	0,03	8	9	0	0	3	0,1	0,02	0,0001	0,0001	0,0001	0,03	-0,02	0,01	0	0	0	0
Poland	Europe	Continent	312685	38482919	123,07	0,61	1	1	0,055	667400	36707	17342,76	953,85	9,6	30017,76	39,72	30,12	110	460	12	17	2450	13	5	0	0	4	0,12	0,01	0,0001	0,0001	0,0001	0,03	5	10	0	0	10	0,05	0,02	0,0001	0,0001	0,0001	0,02	-0,07	0,01	0	0	0	-0,02
Portugal	Europe	Continent	92090	10707924	116,28	0,59	1	0,93	0,055	237300	13051,5	22161,16	1218,86	6,5	5985,85	22,92	16,42	105	607	43	21	5050	15	8	2	0	16	0,14	0,01	0,05	0,0001	0,0001	0,05	13	13	4	1	82	0,12	0,02	0,09	0,05	0,02	0,07	-0,02	0,01	0,05	0,05	0,01	0,02
Romania	Europe	Continent	238391	22215421	93,19	0,54	1	0,97	0,035	271200	9492	12207,74	427,27	4,7	11204,377	24,48	19,78	101	392	24	18	3400	15	12	2	0	1	0,15	0,03	0,08	0,0001	0,0001	0,07	8	18	2	0	5	0,08	0,05	0,08	0,0001	0,0001	0,05	-0,07	0,02	0	0	0	-0,01
Slovakia	Europe	Continent	49035	5463046	111,41	0,56	1	1	0,039	119500	4660,5	21874,24	853,1	21,8	10689,63	37,59	15,79	87	362	13	18	3124	8	7	1	0	2	0,09	0,02	0,08	0,0001	0,0001	0,05	4	11	0	0	7	0,05	0,03	0,0001	0,0001	0,0001	0,02	-0,05	0,01	-0,08	0	0	-0,03
Slovenia	Europe	Continent	20273	2005692	98,93	0,48	1	1	0,06	59140	3548,4	29486,08	1769,16	5,7	1155,561	53,62	47,92	87	384	24	21	3200	7	3	1	2	0	0,08	0,01	0,04	0,1	0,0001	0,06	6	8	2	2	7	0,07	0,02	0,08	0,1	0,0001	0,07	-0,01	0,01	0,04	0	0	0,01
Spain	Europe	Continent	505370	40525002	80,19	0,77	2	0,98	0,042	1378000	57876	34003,7	1428,16	8,4	42451,08	28,09	19,69	132	641	72	37	5050	20	15	17	5	49	0,15	0,02	0,24	0,14	0,01	0,14	17	17	20	6	216	0,13	0,03	0,28	0,16	0,04	0,15	-0,02	0	0,04	0,03	0,03	0,01
Sweden	Europe	Continent	450295	9059651	20,12	0,85	1	0,99	0,071	348600	24750,6	38478,3	2731,96	9	40526,55	14,67	5,67	85	531	7	12	1750	5	3	0	0	3	0,06	0,01	0,0001	0,0001	0,0001	0,02	1	9	0	0	4	0,01	0,02	0,0001	0,0001	0,0001	0,01	-0,05	0,01	0	0	0	-0,01
Switzerland	Europe	Continent	41277	7604467	184,23	0,73	1	0,99	0,058	309900	17974,2	40752,36	2363,64	18	7429,86	9,99	1,09	93	423	17	21	3030	4	2	0	1	3	0,04	0,0001	0,0001	0,05	0,0001	0,02	3	7	0	1	4	0,03	0,02	0,0001	0,05	0,0001	0,02	-0,01	0,01	0	0	0	0
Ukraine	Europe	Continent	603550	45700395	75,72	0,68	1	0,99	0,063	337000	21231	7374,12	464,57	1,6	9656,8	3,98	2,38	120	428	21	19	5100	16	12	2	0	1	0,13	0,03	0,1	0,0001	0,0001	0,06	10	18	1	0	17	0,08	0,04	0,05	0,0001	0,0001	0,04	-0,05	0,01	-0,05	0	0	-0,02
United Kingdom	Europe	Island	243610	61113205	250,86	0,9	1	0,99	0,056	2231000	124936	36506,02	2044,34	20,5	49940,05	28,69	8,19	103	627	5	15	1623	9	3	0	0	13	0,09	0,0001	0,0001	0,0001	0,01	0,02	5	9	1	0	16	0,05	0,01	0,2	0,0001	0,01	0,07	-0,04	0,01	0,2	0	0	0,04
Canada	North America	Continent	9984670	33487208	3,35	0,8	2	0,99	0,052	1307000	67964	39029,83	2029,55	10	998467	10,66	0,66	211	690	54	44	3270	17	18	3	1	1	0,08	0,03	0,06	0,02	0,0001	0,05	14	17	6	1	10	0,07	0,02	0,11	0,02	0,0001	0,06	-0,01	0	0,06	0	0	0,01
United States	North America	Continent	9826675	307212123	31,26	0,82	1	0,99	0,053	14290000	757370	46515,09	2465,3	13,4	1316774,45	12,99	0	468	1154	537	314	19473	41	74	32	53	242	0,09	0,06	0,06	0,17	0,01	0,1	35	78	37	56	465	0,07	0,07	0,07	0,18	0,02	0,1	-0,01	0	0,01	0,01	0,01	0
Australia	Oceania	Continent	7741220	21262641	2,75	0,89	1	0,99	0,045	800500	36022,5	37648,19	1694,17	7	541885,4	19,27	12,27	376	967	1050	243	15638	64	50	38	47	55	0,17	0,05	0,04	0,19	0,0001	0,11	62	52	43	47	93	0,16	0,05	0,04	0,19	0,01	0,11	-0,01	0	0	0	0	0
Fiji	Oceania	Island	18274	944720	51,7	0,52	1	0,94	0,065	3616	235	3827,59	248,79	1	182,74	5,41	4,41	15	177	43	3	1518	5	10	6	1	66	0,33	0,06	0,14	0,33	0,04	0,22	6	14	15	1	71	0,4	0,08	0,35	0,33	0,05	0,29	0,07	0,02	0,21	0	0	0,07
New Zealand	Oceania	Island	267710	4213418	15,74	0,87	1	0,99	0,062	116600	7229,2	27673,49	1715,76	23,6	63179,56	32,81	9,21	73	396	68	9	2382	8	70	12	4	21	0,11	0,18	0,18	0,44	0,01	0,23	9	69	15	3	21	0,12	0,17	0,22	0,33	0,01	0,21	0,01	0	0,04	-0,11	0	-0,01
Argentina	South America	Continent	2780400	40913584	14,71	0,92	1	0,97	0,038	575600	21872,8	14068,68	534,61	1,7	47266,8	8,45	6,75	375	1036	439	173	9372	29	49	5	29	42	0,08	0,05	0,01	0,17	0,0001	0,08	36	52	15	30	70	0,1	0,05	0,03	0,17	0,01	0,09	0,02	0	0,02	0,01	0	0,01
Bolivia	South America	Continent	1098581	9775246	8,9	0,66	1	0,87	0,064	43080	2757,1	4407,05	282,05	14,4	158195,664	30,87	16,47	361	1427	311	326	11367	25	31	2	21	71	0,07	0,02	0,01	0,06	0,01	0,04	21	54	6	35	104	0,06	0,04	0,02	0,11	0,01	0,06	-0,01	0,02	0,01	0,04	0	0,02
Brazil	South America	Continent	8514877	198739269	23,34	0,86	2	0,89	0,04	1990000	79600	10013,12	400,52	4,2	357624,834	29,42	25,22	578	1836	795	1112	56215	73	122	22	25	382	0,13	0,07	0,03	0,02	0,01	0,06	83	169	29	36	532	0,14	0,09	0,04	0,03	0,01	0,08	0,02	0,03	0,01	0,01	0	0,02
Chile	South America	Continent	756102	16601707	21,96	0,88	1	0,96	0,032	245300	7849,6	14775,59	472,82	18,9	142903,278	20,42	1,52	159	535	158	64	5284	22	33	0	20	39	0,14	0,06	0,0001	0,31	0,01	0,13	19	34	7	27	72	0,12	0,06	0,04	0,42	0,01	0,16	-0,02	0	0,04	0,11	0,01	0,03
Colombia	South America	Continent	1138914	45644023	40,08	0,74	1	0,9	0,047	399400	18771,8	8750,32	411,27	9	102502,26	14,81	5,81	467	1928	606	838	51220	38	87	15	209	222	0,08	0,05	0,02	0,25	0,0001	0,1	55	126	32	215	258	0,12	0,07	0,05	0,26	0,01	0,12	0,04	0,02	0,03	0,01	0	0,02
Ecuador	South America	Continent	283561	14573101	51,39	0,66	1	0,91	0,01	107100	1071	7349,16	73,49	43,1	122214,791	21,69	2,69	341	1681	460	610	19362	33	68	10	163	1838	0,1	0,04	0,02	0,27	0,09	0,11	46	106	39	175	1856	0,13	0,06	0,08	0,29	0,1	0,14	0,04	0,02	0,06	0,02	0	0,04
Guyana 	South America	Continent	2149639	772298	0,36	0,28	2	0,99	0,083	3010	249,8	3897,46	323,49	0,3	6448,917	8,74	8,44	237	800	185	169	6409	11	3	6	6	22	0,05	0,0001	0,03	0,04	0,0001	0,03	11	15	5	5	26	0,05	0,02	0,03	0,03	0,0001	0,03	0	0,02	-0,01	-0,01	0	0
Paraguay	South America	Continent	406752	6995655	17,2	0,6	1	0,94	0,04	28710	1148,4	4103,98	164,16	3,5	14236,32	14,31	10,81	168	721	185	109	7851	9	28	2	0	10	0,05	0,04	0,01	0,0001	0,0001	0,03	10	27	3	0	19	0,06	0,04	0,02	0,0001	0,0001	0,03	0,01	0	0,01	0	0	0
Peru	South America	Continent	1285216	29546963	22,99	0,71	2	0,93	0,025	238900	5972,5	8085,43	202,14	2,7	34700,832	21,53	18,83	441	1832	488	643	17144	46	94	6	80	274	0,1	0,05	0,01	0,12	0,02	0,07	54	121	15	111	326	0,12	0,07	0,03	0,17	0,02	0,1	0,02	0,01	0,02	0,05	0	0,02
Uruguay	South America	Continent	176215	34943382	198,3	0,92	1	0,98	0,029	42460	1231,3	1215,11	35,24	0,3	528,645	3,45	3,15	118	479	80	51	2278	6	25	3	4	1	0,05	0,05	0,04	0,08	0,0001	0,05	10	22	5	5	22	0,08	0,05	0,06	0,1	0,01	0,07	0,03	-0,01	0,03	0,02	0,01	0,02
Venezuela	South America	Continent	912050	26814843	29,4	0,93	2	0,93	0,037	357900	13242,3	13347,09	493,84	36,3	331074,15	54,14	17,84	353	1409	400	383	21073	24	26	13	69	68	0,07	0,02	0,03	0,18	0,0001	0,07	35	51	18	73	82	0,1	0,04	0,05	0,19	0,0001	0,09	0,03	0,02	0,01	0,01	0	0,02